$ANSIBLE_VAULT;1.1;AES256
38666166346164373234316536376535373130623131316337396431613762333862633434346465
3634383338646236326331393864323166356361643766300a376437346132613132376463643462
31306238336135643166366462316333316164373766393736316437373730353538353738663464
3261323335643461390a363239306637313665656438623631373535353438666264666561623533
39313163633637336463623362363838623736656138376636636465623361336639613738383539
32356232343939656135623631616537333836326566386634366533613962353766383132633737
34316230393561653461643363303439383234636665323139646165633738623063653037646261
61656239646563653864663430356664353735326337313839356164623837306463376135303665
36303734626335313138356235303361336262303162633861616665643635323761626362323766
61333333656465663364633934386339366237326665363337313361376632343934316561393537
62643035656131333431646332373739346234343361333462616139663461623336626263343036
34663033386637363734343731616633323462663731333836363030373666343836353135353139
31303530646266326566643134396261366131643064656261366639343237643130353939613466
38343138646565373038373765363265333165633633313330656137656639303234616165353931
31383631323131636665316362653163333430333863663436353734643065633834393863626632
66316438383139643631316263303034313939656132386139393538636263346561663935366232
36623135373832616632303136326161623837333463613964633465323739373832653132616566
39323263353436323733333930333433643166656363316637393839346335626233376466313438
31353763326531623631643538313531376237663164363631393764643962656463653133653136
38386232323734306531383431656635663530336137343362386434633338333239666363663734
37343964333236373066343436383830383936656532356166653563346463656633323565383939
31646134663661323336326531323630316461336338663635346631386133376534373262393332
61393634333236383239336666643434626330646636316637383434653562303236653834353337
65363362383438323966653131663037643864323339663830386334323731643239363934363135
62616339323863366263343336356236356530366232373236666133653133636630303731303736
36323538383339343337346533303832636637643866383838663634616563646262323437373839
65356539643530313037623530393131333736396464626136636331303465363032323939383061
33363564316333663533
