$ANSIBLE_VAULT;1.1;AES256
30656663363830343964373435653465333636316539323433343264353033313238653963643066
3834383332396430306331646130626530303265666537350a666135613431323533383039363662
34363236316134643436343430623237633563623164336563313031343864333835313537323534
3039353537633961620a396632613962616366326631363037646132333233376663376134646633
63353237646165326338666464663737666436623163393734656633663261333935663061343164
38393230343030633134376331323037386437643138326638643538323035653137396338316532
66656661376432663863633031383432343033343537363932646666336133336331336163343762
36636232353638383166316462336130656636313534323134323636613963336436376361343938
38616638633635303637333864663365656161336130323463343265633433663637396336333330
38356433613930626430356265363839663231333762383733376530663761333763333563316538
30303162626331363833303130313762646537376531356234323531396661653362376131656162
64323030663637366536346462323639643765376630643061633733656365333563363037613239
33616662313739393030613535373735633931323564306534323730633166626362623234393335
39373136383934353131323934313433383738643939633731363364626236356531663431623830
64623738636234396664353236626634613434373636643230303961356466626564633435386436
39346433623636323132616437346661366138326130356165373136393535656530343565336533
39333730303833316339333265626562666362363832663932343731666332333365393337613230
63636566623234666634653633333934326163386239633739323231646337343038313036363935
66653566323638643432636336336338376332316130626333316531306232373438353764303462
31383934643934623562326561656366623835633764623665376433316165316262373832356465
33396238323032666234353861356631356631623032333765633031653232646631336364353466
66393831656534393039623233626362653461646666356661386466326636643464656635613465
61613161666436633731643537313533393632663166333036313230323062326433396261666666
65626464626164393962393830386638303162663861353066373133363136626636306234353732
35613662653231343731323666323431353636643032663132646535613963333936616238393231
35396435316533393133346537306433623739313830396333343665306532366435353935643635
32646233383432623434346565623761613764336362306635303039626465656533363837366231
65373131663639646431646564363731643838326132333830646131636265363039663030636535
35353530306131356363316261633834353134633737616566323961646166376237646636623439
35373735666264376162653937383662343235643236393066653235613236306135383838633262
37626638313966386464356333373632333532396163373435323036613832376634393636643635
33326138376330323064333062643238633835393231343235663966396138306233336665633732
63393864396566366164653030653530356366353235633038333565303334396530366563333961
62613466653662346532366236303131616465346332626638656663343864663235643130303866
66306537326666653031363739373332383062393338336164313963343061303065663265346262
38323565303138306535323635333762616465663738386262363665376665353365643930363739
30356163396463613561636336346639336432613731383964643835373566353132353161313263
62313164376637663430363966663037616139623163623639666564393337393133363432353532
35396430353864306565396463356632626132623634313330376163613864336366346334326562
39303766623736633033643133393565346436643265313533366337323363373030376437373937
31313439343739373762323031633039613338613735383064383631393963663139356633303865
66373536613733616162353938326465353635346438343163353539653337633433656233316234
63316135623236383533336233303436343137353864326239643435323366643264636364343432
62643439353265393665333238323330663538626561653131333832643137313739326236666132
37626161363731623733306161643431303632363766663539323138323030323636346631336135
39663134666231663430356534656261346332313731376466636632353832383963356132396366
35356463366636663636346231366264376238356234323466633632353065333537656562373332
63383033313733616631633338653033313565333638313661316232373666643163666163643536
37643939613666646163343639333961323461353662323131326636636637356663646332643264
35303730393263626566646366323666626663373435313437323063343533653464343137356637
35663139643738383065363463336166653432646664303136643865653434356330643266646362
31623034663337663238633266613230323463643532666465343063393733613237343433356138
32363561343466346339353763663038653664313634383433343739376233306165653163313362
32303739373031303233343564353163373036376662313338663066633033653330626562313133
35643462323339656436353835666466393663333034346538663230393462366437613161666166
39343065613931316530393961336631303933346130303137666634346463623733346236386236
38333336323965383662366236313734383830356563373163373239636439656232643131323530
32393538333765643463326136356434313631393863656466396162333733303063303565323661
31386430303564333863323832656235623834363566383632363566663530356336353933306438
30316233383334633963633336356333383663656333303330373039636635653936353561326332
37336530383366646135326239616633653734336530386432613061366366663238396436313632
35633665373166326266663532366561376533363534383836366233376531663763343161313266
37316262373736373039393734386662386261303634343930363833323036373535653236313539
33346237653962316531353766353331623139323633613434343865663965356364646433333262
62666139616666326162616530376261336438636238616538326639353433303631366265666332
65323865363739393162363262386163373562646538306164303338663836623832386134616162
61303263643638306536343362366363313262363835363865343661313532303830333463663732
34303632333639306162633531333661666634626162393430393064653064343264353666386566
37303034653334363833636135343538396365343666643063353865663333373963346266643163
64643335393163303838663430633337653733633865366363643730653664356435656566663738
37306538636362633935343337656266623731646636643461633237656138363566393638336231
33623135303730353162343136386238626538626636343763326632313161373233656430363962
66613734623635643966356232366461353365626334373562316635326434373835303633666433
30643366366661653162353531646435323162363864653833343439333838643533383764633531
38636166363430333937643335653862383263616364323735623034313739363561306432383766
36646431346665313235346338346236653232363436666431356664353430343937333837656664
37323439616466316636353362303131653062303331666333326462623962353963633837383361
64343234396230386434346438393065323334326361393461376565326435383131353031343862
64643937343865323136356365323934396338613336396363393430633665663361383063343163
64316161303963373638323836656638383833346263646664373533653733306161383439663436
61663366386231386663303832323030336434336565366538313965386639353632616132396165
66333330663235336664383961623438636231313634666630383838646339363539653066313932
37346230343137303131633034373965383066643839336336653438656533306231353964343131
66333033306461666362393762626536343563653735323137353064636337313961376666376633
39393138393864656261653766623766306439623634613836396439653934366664646437393233
36333962613361353964313038653462353330396661373366653862633539356466376237633935
63613163306636666562653030633838326230663331333233616534303562383661613633363138
61646161643465323164383237656638396138636336636566356666303631643631396232323666
32323162346265623366326538346563363065346130643961613734643461313863383932333930
63616535316334616238346166326637663239323763346562666539356663653030353431363530
39623134336231633633666163643964366339316164303362643463306330646335373432633866
33376666346664626532653761353236666461386331613865343932613635306462313138636231
32303138356564653331666436396266666535323430643838386334396264626361633534393132
36313165663732643164353535363731663930366337636232646330613964613164663436316464
65323263313564333764376261653637366665636533336436623435326231666531376235323937
30326135306463336434386130313262666362343561643239666562396461346237663337373330
66633264353834643637643237653037656637356239383638313239346465323661333832383964
63396631326138623631373730353739376438373662303261636166616564353237333938363837
33663636613263316132663933396162373031306430366330383530333935633763643166393862
63343464646463616362353166646439356634616236323031653830383966343462633163393638
64383561386238616638336462653033636561356138353663316466363438303862633036306234
34303930363932613061383061643663376336326430646437623837333464396638336635303134
33366332626533353466353437663430663366656337326165653562363465646665323133626336
37643037363266363030313533633165373331323434633839643935373036623761333132663732
35333362636135373431353838633431666665643662663735653531616338616433373466623363
31336564383638636337653161313836323465386362306163366261663761393365623932316134
34396535323035306630306531316361633435656231363561343637333831343736373035343431
65313437303934643639316234316662363230373330613330316239656232326533303033356561
34326664363634386332653839646233353430373264653730396230373465666363376664353637
62333130316335366438643235313633653731333536343335323634353136363836613331623766
31316461306535383032373166356231383966356566303965653465616536353366373164306339
31326662353433343061383839393434356633393436383731363732396266383364623336666439
61373731666538383837396264313864313137653032363332613739623239313730393238646235
62313563326136383962336138366430313735653366383639393665653764613064353734373366
62343732303833313465383236356237666638396636383562663430376433626239656331323036
32343630666131613565613130663237626138653766366162326366373435623231646232393931
39383530336530343337346636323731353630633038336337636338393435356561653637363130
36363762656336666230303066356264373530373264616566663136646463356538303331663634
37386135393038356366616239313564326430306366613536346165313435623138643266326563
31393437643039353564363236373034373230393562323438323934393734646565366262356665
37623464366333356439663336323066643663313763313637646134366533396566643737643766
63313639316466313833316464656264336536633662646238646438393532313965626232306264
32356261323134616636366266336364393031623835383365316639653366393465616264623634
32363930386439353861663136336432376235653061306466313462663363393531306634383734
32666261323662646664326663653538306338653532353163613231343138663065613639353838
61653666366130373130316634613033373932626435383664363932306463376238306231373830
32383464383832633766616431373530616632313061613761333064346631383230376637396365
63313239386238626432653232346635306161303434383437316363373333396337623731643564
34663534326165346139383065613737383238663833366339626135333330303432323133663864
64353865343639396361306431326631366332383265313265306666333934643162373165643163
35376165633536306261373361383834336339653064633839653935336537306232316437383630
33613064663231626331633035633634356361633339323630363639363364376666373135633830
37356536653234306438636638356137336261383133666436376537396336623136326564663337
65313465336136623466363032616361333530326137383536303663386163383037623933656362
65306363303530636431373230663339383330333632653030323531666132396333303434393839
36373039306233623164363233616163646338633430323838363964346661336133633261653836
32343737346164653965663935643535663733333763616136306230636137633166386463613239
31363066343862376631363634623030666136613538393537373633663934303336653061626363
30393162343761626330643334346334383934343965326630626336333365303138663661636338
39353133633164616666646336303431303436313863613830636439666561326230663361636631
63326661336136663631396333316638323034623337306631323632656361633334623363646232
38346631633037333263383130363464653939306163663436323531376130363538353836333366
35303663656533643839353362346661626661373863376332333939383636613063393737613031
33653762333361323962636461636564323761653037316561653061663934363564393265653063
64643735323639393630366533646437373536343961623933653361303535373162373230316635
33643963616666626532656636313366303934303839336462633635336266376666613461643863
38376563323735323861363539343964626233313332653539326430353836613237396539626334
36656662343938383037623739366262643762303232383436636161353133663335396662646533
38303535346163383133643938353532643561303435613861626331313866663634333832663139
62346564316631623535326130336634393137633835633730646638356439343335393733336666
64663231336463393534653034326538383530333262333735353737653631393238346662653565
62613037303064396464616235663431613864313039373937663539313131353631313331643037
39353637316131323331616339646365663939303263626566643332393538653130313132333038
65373161313131663264366363353933396634363331363338346435666531393762383630633265
32623639323635366536653835393238383139663031623233626661643264653131333639343132
62623135393765383265653634333364306136353330633566343136346562333132356439363038
35376162366431323261346231386562346435643236383535656231336233363036313435656530
32636139626337653931393138393064383662623037646334653066343734646265356266333134
32306433626131353832643433376130663561383063633965646663366333653963333762343738
35623663396363613566306439313230353437343437363830396133313666326237313736626362
64313961643433383766366131616334343836333539346664636366363035663661663933623562
30356136336538326536653138333366656436306133313536333733303237363133633435303266
36366535623033376239303665623832646534383538326165656132323732343466616233356162
63646361636232343132623062653839633130383236643430306239373665623934373237363131
33333361363562386133303239386633646236383561633333613935616530633431363866653731
30383936393864646235613830616461353432383733623434323135386132626533353161363231
31386138386666613137636461376564616361363133343639383232643464663063396539396264
37643063646165333339373738396330623565393735303761623735323037636666343935666566
35376539303565643130616365396561363132613364666132333937333532643732333234623532
33643761666339323562396631333934366637646435326466306432316362613065303564386163
62643739646137366233383466303733386361623939393765623335396436383537333332643732
38323962613061663234623436313764616466353062383631323438363064393934333733393864
35323162306638613136366533613230393662383534333133303462383239336366323861333333
62626362666265343562356439386130306537326265663761643936323039633130353162656562
33663861393437613866663065656637383636343362666233313430643263636537616132366263
36366636393933376335
